0
10020
10155
10392
106476
106611
1080
1086
119724
119859
119994
1215
1221
1294676
1294817
1294952
1295087
1295222
1295357
131961
132096
132231
133728
133863
135
1350
1356
135900
138198
138333
138468
138603
138738
138873
139008
139143
139278
139413
139548
139599
139683
139818
139953
140088
140223
140358
140493
142401
144315
144450
144585
144720
144855
144990
145125
145260
145395
145530
145665
1485
1491
15399
1620
1755
17874
1890
19665
19800
19935
20070
2025
20829
20964
21099
21234
21369
21504
2166
23136
245140
245275
245410
245545
245680
245815
245950
246085
246220
246355
246490
246625
246760
246895
247030
247165
247300
247435
247570
247705
247840
247975
248110
248245
248380
265766
265901
266036
266171
266306
266441
266576
266711
266846
266981
267116
267251
267386
267521
267656
267791
267926
268061
268196
268331
268466
268601
268736
268871
269006
269141
269276
269411
269546
269681
269816
269951
270
270086
270221
270356
270491
270626
270761
270896
271031
271166
271301
271436
271571
271706
271841
271976
272111
272246
272381
272516
272651
272786
272921
273056
273191
273326
273461
27351
273596
273731
273866
274001
274136
274271
274406
274541
274676
274811
27486
274946
275081
275216
275351
275486
275621
275756
275891
276026
276161
27621
276296
276431
276566
276701
276836
276971
277106
277241
277376
277511
27756
277646
277781
277916
278051
278186
278321
278456
278591
278726
278861
27891
278996
279131
279266
279401
279536
279671
279806
279941
280076
280211
28026
280346
280481
280616
280751
280886
281021
281156
281291
281426
281561
28161
281696
281831
281966
282101
282236
282371
282506
282641
282776
282911
28296
283046
283181
283316
283451
283586
283721
283856
283991
284126
284261
28431
284396
284531
284666
284801
284936
285071
285206
285341
285476
285611
28566
285746
285881
286016
286151
286286
286421
286556
286691
286826
286961
28701
287096
287231
287366
287501
287636
287771
287906
288041
288176
288311
28836
288446
288581
288716
288851
288986
289121
289256
289391
289526
289661
28971
289796
289931
290066
290201
290336
290471
290606
290741
290876
291011
29106
291146
291281
291416
291551
291686
291821
291956
292091
292226
292361
29241
292496
292631
292766
292901
293036
293171
293306
293441
293576
293711
29376
293846
293981
294116
294251
294386
294521
29511
29646
296546
296681
296816
296951
297086
297632
297767
29781
297902
298037
29916
300233
30051
30186
30321
303473
303614
304442
30456
304577
304712
304847
305669
30591
30726
30861
3165
318314
318449
318584
318719
318854
318989
319124
3246
327896
329651
329786
329921
330056
330191
330326
330461
330596
330731
330866
334136
335381
335516
335651
335786
335921
336056
336191
336326
336461
338621
3387
347170
3522
3657
373977
375105
375240
376056
376191
377547
3792
385313
385448
385583
385718
385853
385988
386123
389393
389669
3927
393197
396983
397118
397253
397388
397523
397658
397793
397928
3981
405
4062
4122
4197
429575
429710
4332
440028
440163
440298
440433
440568
440703
440838
440973
441108
441243
441378
441513
441648
441783
44592
4467
44727
44862
44997
45132
45267
45402
45537
45672
45981
46116
46251
46386
46521
46656
46791
46926
47028
47061
47163
47298
47433
47568
487535
487670
487805
487940
488075
488210
514669
514804
514939
515074
515209
515344
515479
515614
515749
515884
516019
516154
516289
516424
516559
516694
516829
516964
517099
517234
517369
517504
517639
517774
517909
518044
518179
518314
518449
518584
518719
518854
518989
519124
519259
519394
519529
519664
519799
519934
520069
520204
520339
520474
520609
520744
520879
521014
521149
521284
521419
521554
521689
521824
521959
522094
522229
522364
522499
522634
522769
522904
540
545285
545420
545555
545690
545825
545960
546095
546230
560618
595977
596112
596247
596382
596517
596652
596787
596922
597057
597192
6018
60300
603277
603412
60435
605038
6087
61521
61656
61791
61926
62061
62196
6222
62259
62331
62394
62466
62601
62670
62736
62805
62871
6357
647721
647856
647991
648126
648261
648396
648531
648666
6492
6627
66462
66597
66732
66867
67002
67137
67272
67407
675
67542
6762
67677
67812
67947
68082
681
681385
681520
681655
681790
681925
682060
68217
682195
682330
682465
682600
682735
682870
683005
683140
683275
683410
68352
683545
683680
684361
684496
684631
684766
68487
684901
685036
685171
685306
68622
686269
686404
68757
6897
7032
704143
704278
704413
704548
704683
705094
705229
705364
705499
705634
707131
707266
707401
707536
707671
707806
707941
708076
708211
708346
708481
708616
711199
711334
711469
711604
711739
711874
712009
713923
714058
714604
714739
714874
715009
715144
715279
715414
715549
715684
715819
715954
716089
716224
716359
7167
717322
719218
719353
719488
719623
719758
719893
720028
720163
722212
723580
724537
724672
725623
725758
727267
727678
727813
728230
728365
728500
728635
728770
728905
729040
729181
729316
729457
729592
729868
730003
730138
7302
730273
730408
730543
730678
730813
730948
731083
731218
731353
731488
731623
731758
731893
743458
743593
7437
743728
743863
743998
744133
744268
744403
744538
744673
744808
744943
745078
745213
745348
745483
745618
745753
745888
746023
746158
746293
746428
746563
746698
746833
746968
747103
747238
747373
747508
747643
747778
747913
748048
748183
748318
748453
748588
748723
748858
748993
749545
749680
749815
7572
810
816
836080
836215
836350
836485
836620
8805
8940
90285
9075
90831
90966
91101
91236
91371
91506
91641
91776
91911
92046
9210
92181
9345
945
9480
951
9615
9750
9885
